g=[0.0722,-0.963,-0.259,-5;0.954,-0.00868,0.298,-6.5;-0.29,-0.269,0.919,8;0,0,0,1]
qb=[0;0.5;0;1];
vb=[1.9;0.1;-0.3;0];
qa=g*qb
va=g*vb
qa5=qa+5*va